0	0.001	0.994	0
0.000535515	0.000535515	0.993924	-0.00198535
0.000991139	0.000455624	0.993742	-0.00301717
0.00146287	0.000471726	0.993527	-0.00386788
0.00199219	0.000529321	0.993257	-0.00471789
0.00257918	0.000586997	0.992905	-0.00563148
0.00323146	0.000652279	0.992466	-0.00659372
0.00396408	0.000732616	0.991931	-0.00760146
0.00478655	0.000822474	0.991286	-0.00866054
0.00569302	0.000906463	0.990524	-0.00976591
0.00671308	0.00102007	0.989653	-0.0108934
0.00792025	0.00120717	0.98865	-0.0120636
0.00950001	0.00157976	0.987449	-0.0133341
0.0125658	0.00306582	0.985873	-0.0148427
0.0153331	0.00276723	0.98284	-0.0173903
0.0177439	0.00241084	0.980164	-0.0193732
0.0199721	0.00222822	0.97789	-0.02092
0.0221303	0.00215821	0.975834	-0.0222312
0.0242843	0.00215392	0.973881	-0.0234113
0.0264735	0.00218923	0.971967	-0.0245142
0.0287232	0.00224967	0.970054	-0.0255688
0.0310502	0.00232705	0.96812	-0.0265915
0.0334668	0.00241661	0.966151	-0.0275921
0.0359824	0.00251556	0.964136	-0.0285763
0.0386046	0.00262225	0.962069	-0.0295477
0.0413404	0.00273574	0.959945	-0.0305085
0.0441959	0.00285551	0.957759	-0.03146
0.0471772	0.00298129	0.955507	-0.0324028
0.0502902	0.00311302	0.953186	-0.0333372
0.053541	0.00325077	0.950792	-0.0342631
0.0569357	0.00339469	0.948323	-0.03518
0.0604807	0.00354502	0.945773	-0.0360874
0.0641828	0.0037021	0.943141	-0.0369844
0.0680491	0.00386631	0.940422	-0.0378699
0.0720872	0.00403813	0.937612	-0.0387427
0.0763054	0.00421815	0.934706	-0.0396012
0.0807124	0.00440703	0.9317	-0.0404437
0.085318	0.00460559	0.928589	-0.0412682
0.0901328	0.00481479	0.925367	-0.0420725
0.0951685	0.00503577	0.922028	-0.0428541
0.100438	0.00526991	0.918565	-0.04361
0.105957	0.00551888	0.914969	-0.044337
0.111742	0.00578473	0.911233	-0.0450314
0.117812	0.00607002	0.907345	-0.0456889
0.12419	0.00637792	0.903293	-0.0463046
0.130903	0.00671252	0.899065	-0.046873
0.137982	0.00707911	0.894642	-0.0473875
0.145466	0.00748474	0.890006	-0.0478403
0.153405	0.00793899	0.885132	-0.0482221
0.161861	0.00845534	0.87999	-0.0485217
0.170914	0.00905352	0.87454	-0.0487249
0.180678	0.00976382	0.868732	-0.0488136
0.191314	0.010636	0.862496	-0.0487639
0.203073	0.0117594	0.855729	-0.0485422
0.216392	0.0133186	0.848274	-0.0480985
0.232187	0.0157952	0.839856	-0.0473497
0.253578	0.0213908	0.829899	-0.0461294
0.27996	0.0263823	0.816443	-0.0439143
0.303064	0.0231035	0.799862	-0.0403087
0.321999	0.0189355	0.785321	-0.0363721
0.33778	0.0157806	0.773365	-0.0326096
0.351387	0.0136066	0.763363	-0.0291072
0.363501	0.0121149	0.754705	-0.0258208
0.374569	0.0110674	0.746965	-0.0226874
0.384876	0.0103072	0.739866	-0.0196544
0.394611	0.00973522	0.733227	-0.0166837
0.4039	0.00928914	0.726932	-0.0137484
0.412829	0.00892911	0.7209	-0.0108305
0.421459	0.00862941	0.715077	-0.0079179
0.429832	0.00837313	0.709425	-0.00500277
0.437981	0.00814897	0.703917	-0.00207999
0.44593	0.00794924	0.698533	0.000853611
0.453699	0.00776861	0.693256	0.00379994
0.461302	0.00760328	0.688076	0.00676002
0.468753	0.00745052	0.682981	0.00973432
0.476061	0.00730828	0.677965	0.0127229
0.483236	0.00717503	0.67302	0.0157256
0.490285	0.00704957	0.66814	0.018742
0.497216	0.00693094	0.663322	0.0217716
0.504035	0.00681838	0.658559	0.024814
0.510746	0.00671126	0.65385	0.0278686
0.517355	0.00660906	0.649189	0.0309346
0.523866	0.00651132	0.644575	0.0340116
0.530284	0.00641766	0.640003	0.0370989
0.536612	0.00632777	0.635472	0.0401958
0.542853	0.00624134	0.630979	0.0433017
0.549011	0.00615813	0.626521	0.0464161
0.555089	0.00607792	0.622098	0.0495384
0.56109	0.0060005	0.617706	0.0526678
0.567015	0.00592571	0.613344	0.0558039
0.572869	0.00585337	0.60901	0.0589462
0.578652	0.00578336	0.604703	0.0620939
0.584368	0.00571553	0.600422	0.0652467
0.590018	0.00564978	0.596163	0.068404
0.595604	0.005586	0.591928	0.0715653
0.601128	0.00552408	0.587713	0.07473
0.606592	0.00546394	0.583518	0.0778978
0.611997	0.0054055	0.579342	0.0810681
0.617346	0.00534868	0.575183	0.0842405
0.622639	0.00529341	0.57104	0.0874144
0.627879	0.00523963	0.566913	0.0905896
0.633066	0.00518728	0.562801	0.0937656
0.638202	0.0051363	0.558702	0.0969419
0.643289	0.00508664	0.554615	0.100118
0.648327	0.00503826	0.55054	0.103294
0.653318	0.00499111	0.546475	0.106469
0.658263	0.00494515	0.542421	0.109643
0.663164	0.00490034	0.538376	0.112815
0.66802	0.00485664	0.534338	0.115986
0.672834	0.00481403	0.530309	0.119154
0.677607	0.00477247	0.526286	0.12232
0.682339	0.00473192	0.522269	0.125482
0.687031	0.00469237	0.518258	0.128642
0.691685	0.00465378	0.514251	0.131798
0.696301	0.00461614	0.510248	0.13495
0.700881	0.00457941	0.506248	0.138098
0.705424	0.00454359	0.50225	0.141242
0.709933	0.00450864	0.498255	0.144381
0.714407	0.00447454	0.494261	0.147515
0.718849	0.00444129	0.490268	0.150644
0.723258	0.00440887	0.486274	0.153768
0.727635	0.00437725	0.48228	0.156885
0.731981	0.00434642	0.478285	0.159997
0.736298	0.00431638	0.474288	0.163103
0.740585	0.0042871	0.470289	0.166202
0.744843	0.00425858	0.466287	0.169294
0.749074	0.0042308	0.462281	0.17238
0.753278	0.00420376	0.458271	0.175458
0.757455	0.00417744	0.454256	0.17853
0.761607	0.00415184	0.450236	0.181593
0.765734	0.00412694	0.446211	0.184649
0.769837	0.00410275	0.442178	0.187697
0.773916	0.00407925	0.438139	0.190737
0.777972	0.00405644	0.434092	0.193769
0.782007	0.00403432	0.430037	0.196792
0.78602	0.00401287	0.425973	0.199807
0.790012	0.0039921	0.4219	0.202812
0.793984	0.003972	0.417817	0.205809
0.797936	0.00395257	0.413723	0.208796
0.80187	0.0039338	0.409618	0.211774
0.805786	0.00391571	0.405502	0.214743
0.809684	0.00389828	0.401373	0.217701
0.813566	0.00388151	0.397232	0.22065
0.817431	0.00386542	0.393076	0.223589
0.821281	0.00384999	0.388907	0.226518
0.825116	0.00383524	0.384723	0.229437
0.828937	0.00382116	0.380523	0.232345
0.832745	0.00380776	0.376308	0.235242
0.83654	0.00379505	0.372075	0.238129
0.840323	0.00378302	0.367825	0.241005
0.844095	0.0037717	0.363557	0.243869
0.847856	0.00376107	0.35927	0.246723
0.851607	0.00375116	0.354963	0.249566
0.855349	0.00374198	0.350636	0.252397
0.859083	0.00373352	0.346288	0.255216
0.862809	0.00372582	0.341918	0.258024
0.866527	0.00371887	0.337525	0.26082
0.87024	0.00371269	0.333108	0.263604
0.873947	0.00370731	0.328667	0.266376
0.87765	0.00370273	0.3242	0.269136
0.881349	0.00369898	0.319708	0.271884
0.885045	0.00369608	0.315187	0.274619
0.888739	0.00369404	0.310639	0.277342
0.892432	0.0036929	0.306061	0.280053
0.896125	0.00369269	0.301453	0.28275
0.899818	0.00369343	0.296813	0.285435
0.903513	0.00369515	0.292141	0.288107
0.907211	0.00369789	0.287434	0.290766
0.910913	0.00370169	0.282692	0.293411
0.91462	0.00370659	0.277914	0.296044
0.918332	0.00371263	0.273097	0.298663
0.922052	0.00371987	0.268241	0.301268
0.92578	0.00372837	0.263344	0.30386
0.929519	0.00373817	0.258404	0.306439
0.933268	0.00374935	0.25342	0.309003
0.93703	0.00376198	0.248389	0.311554
0.940806	0.00377614	0.24331	0.314091
0.944598	0.00379192	0.23818	0.316614
0.948407	0.00380942	0.232998	0.319122
0.952236	0.00382874	0.22776	0.321617
0.956086	0.00385	0.222465	0.324097
0.959959	0.00387335	0.21711	0.326563
0.963858	0.00389892	0.211691	0.329014
0.967785	0.00392689	0.206205	0.331451
0.971743	0.00395746	0.20065	0.333873
0.975734	0.00399082	0.195021	0.336281
0.979761	0.00402723	0.189314	0.338674
0.983828	0.00406697	0.183525	0.341052
0.987938	0.00411036	0.177649	0.343416
0.992096	0.00415775	0.171681	0.345765
0.996305	0.00420959	0.165614	0.348098
1.00057	0.00426638	0.159442	0.350418
1.0049	0.00432868	0.153159	0.352722
1.0093	0.00439722	0.146755	0.355012
1.01377	0.00447281	0.140221	0.357288
1.01833	0.00455646	0.133547	0.359549
1.02298	0.0046494	0.126721	0.361797
1.02773	0.00475316	0.119728	0.36403
1.0326	0.00486964	0.112554	0.366251
1.0376	0.00500128	0.105178	0.368459
1.04275	0.00515124	0.0975772	0.370655
1.04808	0.00532375	0.0897247	0.372841
1.0536	0.00552456	0.0815863	0.375017
1.05936	0.00576179	0.0731192	0.377186
1.06541	0.00604739	0.0642682	0.379351
1.07181	0.00639983	0.0549601	0.381515
1.07866	0.00684969	0.0450937	0.383685
1.08611	0.00745267	0.0345211	0.385871
1.09444	0.00832596	0.0230099	0.388087
1.10422	0.00978698	0.0101493	0.390367
1.11769	0.0134644	-0.00495544	0.392783
1.13309	0.0154008	-0.025686	0.39565
1.14624	0.0131458	-0.0492831	0.398301
1.15693	0.0106973	-0.0692811	0.400056
1.16586	0.00892446	-0.0854273	0.401157
1.17359	0.00773622	-0.0987959	0.401861
1.18053	0.00694084	-0.110302	0.402322
1.18693	0.00639675	-0.120555	0.40262
1.19294	0.0060136	-0.129944	0.402804
1.19868	0.00573523	-0.138714	0.4029
1.20421	0.00552662	-0.147026	0.402925
1.20957	0.0053656	-0.154986	0.40289
1.21481	0.00523793	-0.162666	0.402803
1.21994	0.00513426	-0.170118	0.402669
1.22499	0.00504838	-0.177376	0.402493
1.22997	0.00497605	-0.184469	0.402278
1.23488	0.00491435	-0.191416	0.402028
1.23974	0.0048612	-0.198234	0.401746
1.24456	0.00481507	-0.204935	0.401433
1.24933	0.00477486	-0.21153	0.401091
1.25407	0.0047397	-0.218028	0.400723
1.25878	0.00470893	-0.224437	0.400331
1.26346	0.00468202	-0.230762	0.399915
1.26812	0.00465854	-0.23701	0.399477
1.27276	0.00463814	-0.243186	0.399019
1.27738	0.00462052	-0.249294	0.398541
1.28199	0.00460544	-0.255338	0.398046
1.28658	0.00459267	-0.261322	0.397534
1.29116	0.00458204	-0.26725	0.397006
1.29574	0.00457338	-0.273123	0.396463
1.3003	0.00456655	-0.278946	0.395906
1.30486	0.00456143	-0.284721	0.395336
1.30942	0.00455791	-0.290449	0.394754
1.31398	0.00455588	-0.296133	0.39416
1.31853	0.00455526	-0.301776	0.393556
1.32309	0.00455598	-0.307379	0.392942
1.32765	0.00455795	-0.312943	0.39232
1.33221	0.00456112	-0.318471	0.391689
1.33677	0.00456543	-0.323963	0.39105
1.34134	0.00457083	-0.329422	0.390405
1.34592	0.00457726	-0.334849	0.389753
1.35051	0.00458468	-0.340245	0.389096
1.3551	0.00459306	-0.345611	0.388435
1.3597	0.00460235	-0.350948	0.387768
1.36431	0.00461252	-0.356257	0.387099
1.36894	0.00462355	-0.36154	0.386426
1.37357	0.0046354	-0.366797	0.385751
1.37822	0.00464805	-0.37203	0.385075
1.38288	0.00466148	-0.377238	0.384397
1.38756	0.00467565	-0.382423	0.383719
1.39225	0.00469056	-0.387586	0.38304
1.39695	0.00470617	-0.392727	0.382363
1.40168	0.00472248	-0.397848	0.381686
1.40642	0.00473947	-0.402948	0.381012
1.41117	0.00475713	-0.408028	0.38034
1.41595	0.00477543	-0.41309	0.379671
1.42074	0.00479437	-0.418132	0.379005
1.42556	0.00481393	-0.423157	0.378344
1.43039	0.00483411	-0.428165	0.377687
1.43525	0.00485489	-0.433155	0.377036
1.44012	0.00487626	-0.43813	0.37639
1.44502	0.00489822	-0.443088	0.375751
1.44994	0.00492076	-0.448031	0.375119
1.45489	0.00494386	-0.452958	0.374494
1.45985	0.00496753	-0.457871	0.373878
1.46484	0.00499175	-0.462769	0.37327
1.46986	0.00501652	-0.467654	0.372672
1.4749	0.00504183	-0.472524	0.372084
1.47997	0.00506769	-0.477382	0.371506
1.48506	0.00509408	-0.482226	0.370939
1.49019	0.00512099	-0.487058	0.370385
1.49533	0.00514844	-0.491877	0.369842
1.50051	0.0051764	-0.496684	0.369312
1.50572	0.00520489	-0.501478	0.368796
1.51095	0.00523388	-0.506262	0.368294
1.51621	0.0052634	-0.511033	0.367807
1.52151	0.00529342	-0.515794	0.367335
1.52683	0.00532395	-0.520543	0.366879
1.53219	0.00535498	-0.525281	0.36644
1.53757	0.00538652	-0.530009	0.366018
1.54299	0.00541857	-0.534725	0.365614
1.54844	0.00545111	-0.539432	0.365228
1.55393	0.00548415	-0.544128	0.364862
1.55944	0.00551769	-0.548814	0.364516
1.56499	0.00555172	-0.553489	0.36419
1.57058	0.00558626	-0.558155	0.363885
1.5762	0.00562128	-0.562811	0.363602
1.58186	0.00565681	-0.567457	0.363342
1.58755	0.00569282	-0.572093	0.363105
1.59328	0.00572933	-0.576719	0.362892
1.59905	0.00576634	-0.581335	0.362703
1.60485	0.00580383	-0.585942	0.36254
1.61069	0.00584182	-0.590539	0.362402
1.61657	0.00588031	-0.595127	0.362292
1.62249	0.00591928	-0.599704	0.362209
1.62845	0.00595875	-0.604272	0.362154
1.63445	0.00599871	-0.60883	0.362128
1.64049	0.00603917	-0.613378	0.362132
1.64657	0.00608011	-0.617916	0.362166
1.65269	0.00612156	-0.622444	0.362231
1.65885	0.00616349	-0.626962	0.362328
1.66506	0.00620592	-0.63147	0.362458
1.67131	0.00624885	-0.635967	0.362621
1.6776	0.00629227	-0.640454	0.362819
1.68394	0.00633619	-0.644931	0.363052
1.69032	0.0063806	-0.649396	0.36332
1.69674	0.00642551	-0.653851	0.363625
1.70322	0.00647091	-0.658294	0.363967
1.70973	0.00651681	-0.662726	0.364348
1.7163	0.00656321	-0.667147	0.364767
1.72291	0.00661011	-0.671555	0.365227
1.72956	0.0066575	-0.675952	0.365727
1.73627	0.0067054	-0.680336	0.366268
1.74302	0.00675379	-0.684708	0.366852
1.74982	0.00680268	-0.689066	0.367479
1.75668	0.00685207	-0.693412	0.36815
1.76358	0.00690196	-0.697743	0.368866
1.77053	0.00695235	-0.702061	0.369628
1.77753	0.00700324	-0.706365	0.370436
1.78459	0.00705463	-0.710654	0.371292
1.7917	0.00710652	-0.714927	0.372195
1.79885	0.00715891	-0.719186	0.373149
1.80607	0.0072118	-0.723428	0.374152
1.81333	0.0072652	-0.727654	0.375206
1.82065	0.00731909	-0.731863	0.376312
1.82802	0.00737348	-0.736054	0.37747
1.83545	0.00742838	-0.740228	0.378682
1.84294	0.00748377	-0.744383	0.379949
1.85048	0.00753967	-0.748519	0.381271
1.85807	0.00759606	-0.752635	0.382649
1.86572	0.00765296	-0.756731	0.384084
1.87343	0.00771035	-0.760806	0.385577
1.8812	0.00776825	-0.76486	0.387129
1.88903	0.00782664	-0.768892	0.388741
1.89692	0.00788553	-0.772901	0.390413
1.90486	0.00794492	-0.776886	0.392147
1.91287	0.00800481	-0.780847	0.393944
1.92093	0.0080652	-0.784782	0.395804
1.92906	0.00812609	-0.788692	0.397727
1.93724	0.00818747	-0.792575	0.399716
1.94549	0.00824935	-0.796431	0.401771
1.9538	0.00831173	-0.800258	0.403893
1.96218	0.00837461	-0.804056	0.406082
1.97062	0.00843799	-0.807823	0.408339
1.97912	0.00850186	-0.81156	0.410666
1.98769	0.00856623	-0.815264	0.413064
1.99632	0.0086311	-0.818936	0.415532
2.00501	0.00869647	-0.822573	0.418071
2.01378	0.00876234	-0.826175	0.420684
2.0226	0.00882872	-0.829741	0.42337
2.0315	0.00889559	-0.833269	0.42613
2.04046	0.00896297	-0.836759	0.428964
2.04949	0.00903085	-0.840209	0.431875
2.05859	0.00909924	-0.843619	0.434862
2.06776	0.00916814	-0.846986	0.437926
2.077	0.00923755	-0.85031	0.441069
2.08631	0.00930747	-0.85359	0.444289
2.09568	0.00937791	-0.856824	0.447589
2.10513	0.00944888	-0.86001	0.450969
2.11465	0.00952037	-0.863149	0.45443
2.12425	0.00959239	-0.866237	0.457972
2.13391	0.00966495	-0.869274	0.461596
2.14365	0.00973804	-0.872258	0.465302
2.15346	0.00981169	-0.875188	0.469092
2.16335	0.00988589	-0.878062	0.472965
2.17331	0.00996066	-0.880879	0.476922
2.18334	0.010036	-0.883637	0.480964
2.19345	0.0101119	-0.886334	0.485091
2.20364	0.0101884	-0.88897	0.489303
2.21391	0.0102655	-0.891542	0.493602
2.22425	0.0103433	-0.894048	0.497987
2.23467	0.0104216	-0.896487	0.502459
2.24517	0.0105006	-0.898857	0.507018
2.25575	0.0105803	-0.901157	0.511665
2.26642	0.0106607	-0.903384	0.5164
2.27716	0.0107417	-0.905537	0.521223
2.28798	0.0108235	-0.907613	0.526134
2.29889	0.010906	-0.909612	0.531134
2.30988	0.0109893	-0.91153	0.536223
2.32095	0.0110733	-0.913366	0.541401
2.33211	0.0111582	-0.915119	0.546667
2.34335	0.0112439	-0.916785	0.552024
2.35468	0.0113305	-0.918363	0.557469
2.3661	0.0114181	-0.91985	0.563004
2.37761	0.0115066	-0.921245	0.568628
2.3892	0.011596	-0.922546	0.574342
2.40089	0.0116866	-0.923749	0.580145
2.41267	0.0117782	-0.924853	0.586037
2.42454	0.0118709	-0.925856	0.592019
2.4365	0.0119648	-0.926755	0.598089
2.44856	0.01206	-0.927547	0.604248
2.46072	0.0121565	-0.928231	0.610496
2.47297	0.0122543	-0.928803	0.616833
2.48533	0.0123536	-0.929262	0.623257
2.49778	0.0124544	-0.929604	0.62977
2.51034	0.0125568	-0.929828	0.63637
2.523	0.0126609	-0.929929	0.643057
2.53577	0.0127668	-0.929906	0.649832
2.54864	0.0128746	-0.929756	0.656692
2.56163	0.0129844	-0.929475	0.663639
2.57472	0.0130963	-0.929062	0.670671
2.58793	0.0132104	-0.928511	0.677789
2.60126	0.0133269	-0.927822	0.684991
2.6147	0.013446	-0.92699	0.692278
2.62827	0.0135677	-0.926011	0.699648
2.64196	0.0136923	-0.924884	0.707101
2.65578	0.0138199	-0.923603	0.714636
2.66974	0.0139509	-0.922166	0.722254
2.68382	0.0140852	-0.920568	0.729953
2.69804	0.0142233	-0.918807	0.737733
2.71241	0.0143654	-0.916876	0.745593
2.72692	0.0145118	-0.914774	0.753533
2.74158	0.0146628	-0.912494	0.761551
2.7564	0.0148187	-0.910033	0.769649
2.77138	0.0149799	-0.907385	0.777824
2.78653	0.0151469	-0.904546	0.786076
2.80185	0.0153202	-0.901511	0.794405
2.81735	0.0155001	-0.898273	0.80281
2.83304	0.0156874	-0.894826	0.811291
2.84892	0.0158827	-0.891165	0.819848
2.86501	0.0160867	-0.887283	0.828479
2.88131	0.0163002	-0.883172	0.837186
2.89783	0.0165242	-0.878825	0.845967
2.91459	0.0167597	-0.874233	0.854822
2.9316	0.0170079	-0.869389	0.863752
2.94887	0.0172702	-0.864281	0.872756
2.96642	0.0175483	-0.858899	0.881836
2.98426	0.0178439	-0.853233	0.890991
3.00242	0.0181593	-0.847269	0.900223
3.02092	0.0184971	-0.840992	0.909533
3.03978	0.0188603	-0.834389	0.918922
3.05903	0.0192526	-0.827439	0.928393
3.07871	0.0196785	-0.820125	0.937947
3.09885	0.0201436	-0.812423	0.947589
3.11951	0.0206546	-0.804307	0.957324
3.14073	0.0212204	-0.795746	0.967155
3.16258	0.021852	-0.786705	0.977092
3.18514	0.0225643	-0.777141	0.987143
3.20852	0.0233771	-0.767002	0.99732
3.23284	0.0243179	-0.756224	1.00764
3.25827	0.0254265	-0.744725	1.01812
3.28503	0.0267624	-0.732401	1.0288
3.31345	0.0284207	-0.71911	1.03971
3.34401	0.0305655	-0.704651	1.05091
3.37753	0.0335142	-0.688726	1.06251
3.41553	0.0380022	-0.670843	1.07467
3.46199	0.0464627	-0.65007	1.08773
3.73326	0.271268	-0.624017	1.1026
3.87818	0.144915	-0.461901	1.16332
3.94535	0.0671741	-0.372427	1.17614
3.98444	0.0390887	-0.331549	1.17725
4.01187	0.0274351	-0.30812	1.17649
4.03372	0.0218472	-0.291872	1.17535
4.05259	0.0188639	-0.279062	1.17408
4.06972	0.0171392	-0.268101	1.17273
4.0858	0.0160758	-0.258228	1.17131
4.10118	0.0153807	-0.249045	1.16979
4.11608	0.0148991	-0.240334	1.16819
4.13063	0.0145451	-0.231969	1.16649
4.14489	0.0142695	-0.223874	1.16469
4.15894	0.0140431	-0.216005	1.16279
4.17279	0.0138487	-0.208333	1.1608
4.18646	0.0136758	-0.200841	1.15871
4.19998	0.0135178	-0.193516	1.15654
4.21335	0.0133708	-0.18635	1.15427
4.22658	0.0132322	-0.179337	1.15191
4.23968	0.0131004	-0.172473	1.14947
4.25266	0.0129743	-0.165754	1.14695
4.26551	0.0128531	-0.159177	1.14435
4.27825	0.0127362	-0.152739	1.14168
4.29087	0.0126234	-0.146438	1.13893
4.30338	0.0125142	-0.140272	1.13611
4.31579	0.0124083	-0.134239	1.13322
4.3281	0.0123057	-0.128337	1.13027
4.3403	0.0122061	-0.122565	1.12726
4.35241	0.0121093	-0.116919	1.12418
4.36443	0.0120151	-0.111401	1.12104
4.37635	0.0119235	-0.106006	1.11785
4.38819	0.0118343	-0.100735	1.1146
4.39993	0.0117474	-0.0955856	1.11129
4.4116	0.0116627	-0.0905567	1.10794
4.42318	0.01158	-0.085647	1.10453
4.43468	0.0114994	-0.0808553	1.10108
4.4461	0.0114206	-0.0761804	1.09758
4.45744	0.0113437	-0.0716213	1.09403
4.46871	0.0112685	-0.0671767	1.09044
4.4799	0.011195	-0.0628456	1.08681
4.49103	0.0111231	-0.0586271	1.08314
4.50208	0.0110527	-0.0545201	1.07943
4.51306	0.0109838	-0.0505236	1.07568
4.52398	0.0109164	-0.0466367	1.0719
4.53483	0.0108503	-0.0428584	1.06807
4.54562	0.0107855	-0.039188	1.06422
4.55634	0.010722	-0.0356244	1.06033
4.567	0.0106598	-0.032167	1.05641
4.5776	0.0105987	-0.0288147	1.05246
4.58814	0.0105388	-0.0255669	1.04848
4.59862	0.01048	-0.0224227	1.04447
4.60904	0.0104223	-0.0193814	1.04044
4.6194	0.0103656	-0.0164421	1.03637
4.62971	0.0103099	-0.0136043	1.03228
4.63997	0.0102552	-0.010867	1.02817
4.65017	0.0102015	-0.0082297	1.02403
4.66032	0.0101487	-0.00569161	1.01987
4.67042	0.0100968	-0.00325205	1.01569
4.68046	0.0100458	-0.000910357	1.01149
4.69046	0.00999561	0.00133413	1.00726
4.7004	0.00994628	0.00348206	1.00302
4.7103	0.00989777	0.00553406	0.998756
4.72015	0.00985005	0.00749077	0.994474
4.72995	0.00980312	0.0093528	0.990174
4.73971	0.00975695	0.0111207	0.985858
4.74942	0.00971152	0.0127952	0.981524
4.75909	0.00966684	0.0143768	0.977175
4.76871	0.00962287	0.015866	0.972811
4.77829	0.00957961	0.0172635	0.968432
4.78783	0.00953705	0.0185697	0.964038
4.79732	0.00949518	0.0197853	0.959631
4.80678	0.00945398	0.0209107	0.95521
4.81619	0.00941345	0.0219465	0.950777
4.82556	0.00937359	0.0228933	0.94633
4.8349	0.00933437	0.0237514	0.941872
4.8442	0.00929581	0.0245214	0.937402
4.85345	0.00925789	0.0252038	0.932921
4.86267	0.00922061	0.0257991	0.928429
4.87186	0.00918397	0.0263077	0.923926
4.88101	0.00914795	0.0267301	0.919412
4.89012	0.00911257	0.0270667	0.914888
4.8992	0.00907782	0.0273179	0.910354
4.90824	0.0090437	0.0274842	0.90581
4.91725	0.00901022	0.0275661	0.901257
4.92623	0.00897736	0.0275638	0.896694
4.93517	0.00894515	0.0274778	0.892121
4.94409	0.00891357	0.0273085	0.88754
4.95297	0.00888264	0.0270562	0.882948
4.96182	0.00885237	0.0267212	0.878348
4.97064	0.00882275	0.026304	0.873738
4.97944	0.00879379	0.0258048	0.869119
4.9882	0.00876552	0.025224	0.86449
4.99694	0.00873793	0.0245618	0.859852
5.00565	0.00871104	0.0238185	0.855205
5.01434	0.00868486	0.0229943	0.850547
5.023	0.00865941	0.0220896	0.84588
5.03163	0.0086347	0.0211045	0.841202
5.04024	0.00861075	0.0200393	0.836514
5.04883	0.00858759	0.018894	0.831815
5.05739	0.00856522	0.017669	0.827105
5.06594	0.00854368	0.0163643	0.822384
5.07446	0.008523	0.01498	0.81765
5.08296	0.00850319	0.0135162	0.812904
5.09145	0.00848429	0.011973	0.808145
5.09991	0.00846633	0.0103504	0.803373
5.10836	0.00844936	0.00864841	0.798587
5.1168	0.0084334	0.00686699	0.793785
5.12522	0.00841851	0.00500605	0.788968
5.13362	0.00840473	0.00306549	0.784135
5.14201	0.0083921	0.00104516	0.779285
5.15039	0.00838069	-0.00105515	0.774416
5.15876	0.00837056	-0.00323568	0.769528
5.16713	0.00836177	-0.00549673	0.76462
5.17548	0.0083544	-0.00783865	0.759691
5.18383	0.00834852	-0.0102619	0.754739
5.19217	0.00834423	-0.0127669	0.749763
5.20051	0.00834162	-0.0153542	0.744762
5.20886	0.0083408	-0.0180245	0.739734
5.2172	0.00834188	-0.0207785	0.734676
5.22554	0.008345	-0.0236171	0.729589
5.23389	0.00835031	-0.0265411	0.724469
5.24225	0.00835796	-0.0295516	0.719314
5.25062	0.00836813	-0.0326497	0.714123
5.259	0.00838104	-0.0358368	0.708891
5.2674	0.0083969	-0.0391144	0.703618
5.27581	0.00841598	-0.0424841	0.6983
5.28425	0.00843856	-0.0459478	0.692933
5.29272	0.00846499	-0.0495076	0.687514
5.30121	0.00849564	-0.0531658	0.68204
5.30974	0.00853094	-0.056925	0.676505
5.31831	0.00857142	-0.0607883	0.670905
5.32693	0.00861766	-0.0647591	0.665235
5.3356	0.00867035	-0.068841	0.65949
5.34433	0.00873031	-0.0730386	0.653661
5.35313	0.00879852	-0.0773568	0.647743
5.36201	0.00887614	-0.0818014	0.641726
5.37097	0.0089646	-0.0863789	0.635602
5.38004	0.00906565	-0.0910971	0.629358
5.38922	0.00918145	-0.0959649	0.622983
5.39853	0.00931475	-0.100993	0.616462
5.408	0.00946907	-0.106194	0.609777
5.41765	0.00964901	-0.111584	0.602908
5.42751	0.00986074	-0.117181	0.595828
5.43763	0.0101128	-0.123009	0.588507
5.44804	0.0104171	-0.129098	0.580905
5.45883	0.0107918	-0.135485	0.57297
5.4701	0.0112647	-0.142224	0.564636
5.48198	0.0118829	-0.149387	0.555806
5.49471	0.0127329	-0.157082	0.546341
5.50872	0.0140008	-0.16548	0.536021
5.52492	0.0162057	-0.174888	0.52445
5.54717	0.0222446	-0.185993	0.510749
5.57121	0.0240462	-0.201583	0.491374
5.59088	0.0196701	-0.218837	0.46964
5.60623	0.0153503	-0.233201	0.451211
5.61853	0.0122989	-0.244527	0.436402
5.62881	0.0102774	-0.253653	0.424256
5.63774	0.00892958	-0.261302	0.41391
5.64574	0.00800445	-0.267956	0.404774
5.65309	0.00734591	-0.273923	0.396465
5.65995	0.00685892	-0.279396	0.38874
5.66643	0.00648514	-0.2845	0.381441
5.67262	0.00618809	-0.289317	0.374461
5.67857	0.00594455	-0.293904	0.367731
5.6843	0.00573945	-0.298299	0.361201
5.68987	0.00556279	-0.30253	0.354834
5.69528	0.0054078	-0.306616	0.348607
5.70055	0.00526982	-0.310573	0.3425
5.70569	0.00514554	-0.314414	0.336497
5.71072	0.00503256	-0.318147	0.330588
5.71565	0.0049291	-0.321781	0.324763
5.72049	0.0048338	-0.325322	0.319013
5.72523	0.00474561	-0.328776	0.313333
5.7299	0.00466368	-0.332147	0.307715
5.73448	0.00458732	-0.33544	0.302157
5.739	0.00451598	-0.338659	0.296653
5.74345	0.00444916	-0.341808	0.291198
5.74783	0.00438647	-0.344888	0.285791
5.75216	0.00432755	-0.347904	0.280427
5.75643	0.0042721	-0.350857	0.275104
5.76065	0.00421985	-0.35375	0.269819
5.76482	0.00417057	-0.356585	0.26457
5.76895	0.00412405	-0.359364	0.259354
5.77303	0.0040801	-0.362089	0.254169
5.77707	0.00403855	-0.364762	0.249015
5.78107	0.00399926	-0.367384	0.243887
5.78503	0.0039621	-0.369957	0.238786
5.78896	0.00392693	-0.372482	0.23371
5.79285	0.00389364	-0.374961	0.228657
5.79671	0.00386215	-0.377394	0.223625
5.80054	0.00383234	-0.379783	0.218614
5.80435	0.00380415	-0.382129	0.213623
5.80813	0.00377749	-0.384434	0.208649
5.81188	0.00375228	-0.386697	0.203693
5.81561	0.00372848	-0.38892	0.198752
5.81931	0.003706	-0.391105	0.193827
5.823	0.00368481	-0.393251	0.188916
5.82666	0.00366485	-0.395359	0.184018
5.83031	0.00364606	-0.397431	0.179133
5.83394	0.00362841	-0.399467	0.174259
5.83755	0.00361186	-0.401468	0.169396
5.84114	0.00359637	-0.403434	0.164544
5.84473	0.0035819	-0.405366	0.1597
5.84829	0.00356842	-0.407265	0.154865
5.85185	0.00355591	-0.409131	0.150039
5.8554	0.00354432	-0.410965	0.14522
5.85893	0.00353365	-0.412768	0.140407
5.86245	0.00352386	-0.414539	0.135601
5.86597	0.00351493	-0.41628	0.1308
5.86947	0.00350684	-0.417991	0.126004
5.87297	0.00349957	-0.419673	0.121213
5.87647	0.00349311	-0.421325	0.116426
5.87995	0.00348743	-0.422948	0.111642
5.88344	0.00348253	-0.424543	0.106861
5.88692	0.00347839	-0.426111	0.102083
5.89039	0.00347499	-0.427651	0.0973066
5.89386	0.00347233	-0.429164	0.0925317
5.89733	0.00347039	-0.43065	0.0877577
5.9008	0.00346917	-0.43211	0.0829844
5.90427	0.00346865	-0.433543	0.0782112
5.90774	0.00346883	-0.434952	0.0734376
5.91121	0.0034697	-0.436335	0.0686634
5.91468	0.00347126	-0.437693	0.0638879
5.91815	0.00347349	-0.439026	0.0591109
5.92163	0.00347641	-0.440335	0.0543319
5.92511	0.00347999	-0.44162	0.0495505
5.92859	0.00348424	-0.442882	0.0447663
5.93208	0.00348916	-0.44412	0.0399788
5.93558	0.00349474	-0.445335	0.0351878
5.93908	0.00350099	-0.446527	0.0303928
5.94259	0.0035079	-0.447696	0.0255934
5.9461	0.00351547	-0.448843	0.0207892
5.94963	0.00352371	-0.449968	0.0159798
5.95316	0.00353262	-0.451071	0.0111649
5.9567	0.00354219	-0.452153	0.00634401
5.96025	0.00355244	-0.453213	0.00151682
5.96382	0.00356336	-0.454252	-0.00331707
5.96739	0.00357497	-0.455271	-0.00815805
5.97098	0.00358726	-0.456269	-0.0130065
5.97458	0.00360025	-0.457247	-0.0178629
5.97819	0.00361393	-0.458204	-0.0227274
5.98182	0.00362832	-0.459142	-0.0276007
5.98547	0.00364342	-0.46006	-0.032483
5.98912	0.00365925	-0.460959	-0.0373747
5.9928	0.00367581	-0.461839	-0.0422762
5.99649	0.00369311	-0.4627	-0.047188
6.0002	0.00371116	-0.463542	-0.0521104
6.00393	0.00372998	-0.464366	-0.0570439
6.00768	0.00374958	-0.465172	-0.0619888
6.01145	0.00376997	-0.46596	-0.0669456
6.01525	0.00379117	-0.46673	-0.0719148
6.01906	0.00381319	-0.467482	-0.0768966
6.02289	0.00383605	-0.468218	-0.0818917
6.02675	0.00385976	-0.468936	-0.0869004
6.03064	0.00388435	-0.469638	-0.0919231
6.03455	0.00390984	-0.470323	-0.0969604
6.03849	0.00393624	-0.470992	-0.102013
6.04245	0.00396358	-0.471645	-0.10708
6.04644	0.00399188	-0.472282	-0.112164
6.05046	0.00402116	-0.472904	-0.117264
6.05451	0.00405147	-0.473511	-0.122382
6.0586	0.00408281	-0.474103	-0.127516
6.06271	0.00411523	-0.47468	-0.132669
6.06686	0.00414874	-0.475243	-0.137841
6.07104	0.0041834	-0.475792	-0.143031
6.07526	0.00421923	-0.476327	-0.148241
6.07952	0.00425626	-0.476849	-0.153472
6.08381	0.00429455	-0.477358	-0.158723
6.08815	0.00433413	-0.477854	-0.163996
6.09252	0.00437505	-0.478337	-0.169292
6.09694	0.00441735	-0.478809	-0.17461
6.1014	0.00446109	-0.479269	-0.179952
6.10591	0.00450632	-0.479717	-0.185318
6.11046	0.00455309	-0.480155	-0.190709
6.11506	0.00460148	-0.480582	-0.196126
6.11971	0.00465154	-0.481	-0.20157
6.12442	0.00470334	-0.481407	-0.207041
6.12917	0.00475697	-0.481806	-0.21254
6.13399	0.00481249	-0.482196	-0.218069
6.13886	0.00487	-0.482578	-0.223627
6.14379	0.00492959	-0.482952	-0.229217
6.14878	0.00499135	-0.483319	-0.234839
6.15383	0.0050554	-0.48368	-0.240494
6.15895	0.00512184	-0.484035	-0.246184
6.16415	0.00519081	-0.484385	-0.251909
6.16941	0.00526243	-0.48473	-0.257671
6.17474	0.00533684	-0.485072	-0.263471
6.18016	0.00541421	-0.48541	-0.26931
6.18565	0.00549471	-0.485747	-0.27519
6.19123	0.00557852	-0.486082	-0.281112
6.1969	0.00566584	-0.486418	-0.287078
6.20265	0.00575689	-0.486753	-0.29309
6.20851	0.00585192	-0.487091	-0.29915
6.21446	0.00595119	-0.487431	-0.305259
6.22051	0.006055	-0.487775	-0.311419
6.22668	0.00616366	-0.488125	-0.317633
6.23295	0.00627754	-0.488481	-0.323903
6.23935	0.00639704	-0.488846	-0.330231
6.24587	0.0065226	-0.48922	-0.336621
6.25253	0.00665473	-0.489606	-0.343075
6.25932	0.00679397	-0.490005	-0.349596
6.26626	0.00694098	-0.49042	-0.356188
6.27336	0.00709645	-0.490852	-0.362855
6.28062	0.00726123	-0.491305	-0.3696
6.28806	0.00743624	-0.49178	-0.376429
6.29568	0.00762258	-0.492281	-0.383345
6.3035	0.00782149	-0.492811	-0.390355
6.31154	0.00803446	-0.493374	-0.397465
6.3198	0.00826321	-0.493974	-0.404682
6.32831	0.00850982	-0.494615	-0.412013
6.33709	0.00877674	-0.495302	-0.419467
6.34615	0.00906699	-0.496041	-0.427054
6.35554	0.00938423	-0.496839	-0.434785
6.36527	0.00973306	-0.497704	-0.442674
6.37539	0.0101193	-0.498644	-0.450737
6.38594	0.0105503	-0.499671	-0.458991
6.39698	0.0110359	-0.500796	-0.467459
6.40856	0.0115893	-0.502035	-0.476168
6.42079	0.0122287	-0.503407	-0.485153
6.43377	0.0129806	-0.504936	-0.494457
6.44766	0.0138847	-0.506652	-0.504136
6.46266	0.0150048	-0.508597	-0.514269
6.47912	0.0164521	-0.510829	-0.524966
6.49756	0.0184456	-0.513435	-0.536397
6.51907	0.021512	-0.516557	-0.54885
6.54665	0.0275784	-0.52047	-0.562895
6.58928	0.0426274	-0.525919	-0.580164
6.62698	0.0376997	-0.535303	-0.605266
6.65722	0.0302397	-0.544579	-0.6259
6.68212	0.0248979	-0.552684	-0.641415
6.70357	0.0214557	-0.559797	-0.65351
6.72281	0.0192421	-0.566241	-0.663446
6.7406	0.0177849	-0.572264	-0.671979
6.7574	0.0167968	-0.578033	-0.679549
6.7735	0.0161058	-0.583655	-0.686422
6.78911	0.0156077	-0.589203	-0.692762
6.80435	0.0152382	-0.594723	-0.698673
6.8193	0.0149568	-0.600246	-0.704223
6.83404	0.0147374	-0.605793	-0.709461
6.8486	0.0145632	-0.611379	-0.714419
6.86303	0.0144228	-0.617013	-0.719121
6.87734	0.0143084	-0.622703	-0.723586
6.89155	0.0142149	-0.628453	-0.727827
6.90569	0.0141383	-0.634268	-0.731854
6.91977	0.014076	-0.640149	-0.735678
6.93379	0.0140257	-0.6461	-0.739304
6.94778	0.013986	-0.652122	-0.742739
6.96173	0.0139557	-0.658216	-0.745988
6.97567	0.0139337	-0.664383	-0.749053
6.98959	0.0139192	-0.670624	-0.75194
7.0035	0.0139117	-0.676939	-0.75465
7.01741	0.0139105	-0.68333	-0.757186
7.03132	0.0139152	-0.689795	-0.759549
7.04525	0.0139255	-0.696337	-0.761741
7.05919	0.0139409	-0.702954	-0.763763
7.07315	0.0139614	-0.709647	-0.765616
7.08714	0.0139865	-0.716416	-0.767299
7.10115	0.0140161	-0.723261	-0.768814
7.1152	0.0140501	-0.730182	-0.770159
7.12929	0.0140883	-0.737179	-0.771336
7.14342	0.0141305	-0.744252	-0.772342
7.1576	0.0141768	-0.7514	-0.773179
7.17183	0.0142269	-0.758623	-0.773843
7.18611	0.0142809	-0.765921	-0.774336
7.20045	0.0143387	-0.773294	-0.774654
7.21485	0.0144002	-0.78074	-0.774798
7.22931	0.0144655	-0.788261	-0.774765
7.24385	0.0145346	-0.795854	-0.774553
7.25845	0.0146074	-0.80352	-0.774161
7.27314	0.0146839	-0.811259	-0.773587
7.2879	0.0147643	-0.819068	-0.772827
7.30275	0.0148485	-0.826949	-0.771881
7.31769	0.0149366	-0.8349	-0.770745
7.33271	0.0150286	-0.84292	-0.769417
7.34784	0.0151247	-0.851009	-0.767893
7.36306	0.0152249	-0.859165	-0.766172
7.37839	0.0153293	-0.867388	-0.764248
7.39383	0.015438	-0.875677	-0.762121
7.40938	0.0155512	-0.88403	-0.759784
7.42505	0.0156689	-0.892447	-0.757236
7.44084	0.0157913	-0.900926	-0.754471
7.45676	0.0159187	-0.909467	-0.751487
7.47281	0.016051	-0.918067	-0.748278
7.489	0.0161886	-0.926725	-0.74484
7.50533	0.0163316	-0.93544	-0.741169
7.52181	0.0164803	-0.94421	-0.737259
7.53845	0.0166349	-0.953033	-0.733105
7.55524	0.0167956	-0.961908	-0.728702
7.57221	0.0169628	-0.970832	-0.724044
7.58934	0.0171367	-0.979803	-0.719125
7.60666	0.0173176	-0.98882	-0.713938
7.62417	0.017506	-0.997879	-0.708477
7.64187	0.0177023	-1.00698	-0.702736
7.65978	0.0179067	-1.01611	-0.696706
7.6779	0.0181198	-1.02529	-0.690381
7.69624	0.0183422	-1.03449	-0.683751
7.71481	0.0185742	-1.04372	-0.676809
7.73363	0.0188165	-1.05297	-0.669546
7.7527	0.0190698	-1.06224	-0.661951
7.77203	0.0193346	-1.07153	-0.654016
7.79164	0.0196119	-1.08083	-0.645729
7.81155	0.0199023	-1.09014	-0.637079
7.83175	0.0202069	-1.09945	-0.628055
7.85228	0.0205265	-1.10875	-0.618644
7.87314	0.0208623	-1.11804	-0.608833
7.89436	0.0212155	-1.12731	-0.598608
7.91595	0.0215873	-1.13656	-0.587953
7.93792	0.0219792	-1.14577	-0.576853
7.96032	0.0223928	-1.15494	-0.56529
7.98315	0.0228299	-1.16405	-0.553247
8.00644	0.0232924	-1.1731	-0.540705
8.03022	0.0237824	-1.18207	-0.527642
8.05452	0.0243023	-1.19095	-0.514036
8.07938	0.0248547	-1.19972	-0.499865
8.10482	0.0254426	-1.20837	-0.485102
8.13089	0.0260691	-1.21688	-0.469721
8.15763	0.0267377	-1.22523	-0.453692
8.18508	0.0274524	-1.23339	-0.436985
8.2133	0.0282173	-1.24133	-0.419567
8.24234	0.0290369	-1.24903	-0.401402
8.27225	0.0299161	-1.25645	-0.382454
8.30311	0.0308599	-1.26356	-0.362683
8.33498	0.0318733	-1.27029	-0.342048
8.36795	0.032961	-1.27662	-0.320509
8.40207	0.034127	-1.28246	-0.298022
8.43745	0.0353738	-1.28777	-0.274548
8.47415	0.0367011	-1.29245	-0.25005
8.51225	0.0381045	-1.29643	-0.224497
8.55183	0.0395732	-1.2996	-0.197871
8.59291	0.0410869	-1.30185	-0.170171
8.63553	0.0426129	-1.30306	-0.141423
8.67963	0.044103	-1.3031	-0.111692
8.72512	0.0454921	-1.30185	-0.0810893
8.77182	0.0467005	-1.29919	-0.0497893
8.81946	0.0476418	-1.29503	-0.0180336
8.8677	0.048237	-1.2893	0.0138696
8.91613	0.048432	-1.282	0.0455602
8.96434	0.0482119	-1.2732	0.0766542
9.01195	0.0476064	-1.26301	0.106781
9.05863	0.0466828	-1.25159	0.135622
9.10416	0.0455308	-1.23912	0.162932
9.14841	0.0442446	-1.22581	0.188557
9.19132	0.042909	-1.21182	0.212423
9.23291	0.0415919	-1.19732	0.234526
9.27325	0.0403428	-1.18243	0.254907
9.31245	0.0391946	-1.16725	0.273641
9.35061	0.0381675	-1.15185	0.290816
9.38789	0.0372728	-1.13627	0.306526
9.4244	0.0365171	-1.12054	0.320862
9.46031	0.0359047	-1.10468	0.333906
9.49575	0.0354407	-1.08868	0.345733
9.53088	0.0351331	-1.07253	0.356406
9.56588	0.0349957	-1.05621	0.365974
9.60093	0.0350512	-1.03968	0.374476
9.63627	0.0353374	-1.02289	0.381934
9.67218	0.0359176	-1.00575	0.388357
9.70909	0.0369017	-0.988157	0.393728
9.74758	0.0384962	-0.969936	0.398005
9.78872	0.0411426	-0.950816	0.401093
9.83476	0.0460337	-0.930307	0.402807
9.89365	0.0588964	-0.907335	0.402735
9.96112	0.0674664	-0.878019	0.399496
10.0159	0.0547703	-0.844721	0.391305
10.0572	0.0412897	-0.818033	0.381024
10.0889	0.0317676	-0.798167	0.371059
10.1145	0.0255703	-0.783046	0.362067
10.136	0.0215241	-0.770983	0.353976
10.1548	0.0187996	-0.760907	0.346566
10.1717	0.0168908	-0.752164	0.339642
10.1872	0.0154966	-0.744356	0.333055
10.2017	0.0144359	-0.737229	0.326706
10.2153	0.0135977	-0.730623	0.320525
10.2282	0.0129124	-0.724428	0.314465
10.2405	0.0123356	-0.718569	0.308497
10.2523	0.011838	-0.712992	0.302598
10.2637	0.0114001	-0.707659	0.296756
10.2748	0.0110086	-0.702538	0.290959
10.2854	0.0106541	-0.697607	0.285203
10.2957	0.0103301	-0.692847	0.279482
10.3058	0.0100314	-0.688241	0.273793
10.3155	0.00975449	-0.683776	0.268135
10.325	0.00949635	-0.679442	0.262505
10.3343	0.00925472	-0.675227	0.256902
10.3433	0.00902775	-0.671123	0.251326
10.3521	0.0088139	-0.667123	0.245776
10.3607	0.0086119	-0.663219	0.240252
10.3692	0.00842063	-0.659404	0.234752
10.3774	0.00823917	-0.655673	0.229276
10.3855	0.00806669	-0.652021	0.223825
10.3934	0.00790248	-0.648442	0.218397
10.4011	0.00774589	-0.644933	0.212993
10.4087	0.00759638	-0.641488	0.207612
10.4162	0.00745343	-0.638104	0.202254
10.4235	0.00731659	-0.634777	0.196919
10.4307	0.00718546	-0.631504	0.191606
10.4377	0.00705967	-0.628282	0.186316
10.4447	0.00693888	-0.625108	0.181048
10.4515	0.0068228	-0.621978	0.175801
10.4582	0.00671114	-0.618891	0.170577
10.4648	0.00660365	-0.615844	0.165373
10.4713	0.0065001	-0.612834	0.160191
10.4777	0.00640027	-0.609859	0.155031
10.484	0.00630397	-0.606918	0.149891
10.4902	0.00621101	-0.604007	0.144771
10.4963	0.00612123	-0.601127	0.139673
10.5024	0.00603447	-0.598273	0.134595
10.5083	0.00595058	-0.595446	0.129536
10.5142	0.00586944	-0.592643	0.124498
10.52	0.00579091	-0.589862	0.11948
10.5257	0.00571487	-0.587103	0.114481
10.5313	0.00564123	-0.584363	0.109502
10.5369	0.00556987	-0.581643	0.104543
10.5424	0.0055007	-0.578939	0.099602
10.5478	0.00543364	-0.576251	0.0946804
10.5532	0.00536859	-0.573578	0.0897776
10.5585	0.00530548	-0.570918	0.0848935
10.5638	0.00524424	-0.568272	0.0800278
10.5689	0.00518478	-0.565636	0.0751805
10.5741	0.00512706	-0.563011	0.0703514
10.5791	0.00507101	-0.560396	0.0655403
10.5842	0.00501656	-0.557789	0.0607471
10.5891	0.00496366	-0.55519	0.0559715
10.594	0.00491227	-0.552597	0.0512135
10.5989	0.00486233	-0.550011	0.0464729
10.6037	0.00481379	-0.547429	0.0417495
10.6085	0.00476661	-0.544852	0.0370432
10.6132	0.00472075	-0.542278	0.0323538
10.6179	0.00467617	-0.539707	0.0276812
10.6225	0.00463284	-0.537139	0.0230252
10.6271	0.0045907	-0.534571	0.0183857
10.6316	0.00454975	-0.532004	0.0137625
10.6362	0.00450993	-0.529437	0.00915549
10.6406	0.00447122	-0.52687	0.00456447
10.6451	0.00443359	-0.524301	-1.06777e-05
10.6495	0.00439701	-0.52173	-0.00457011
10.6538	0.00436147	-0.519157	-0.00911397
10.6581	0.00432692	-0.516581	-0.0136424
10.6624	0.00429336	-0.514001	-0.0181556
10.6667	0.00426075	-0.511416	-0.0226536
10.6709	0.00422908	-0.508827	-0.0271367
10.6751	0.00419833	-0.506232	-0.0316049
10.6793	0.00416847	-0.503632	-0.0360585
10.6834	0.00413949	-0.501025	-0.0404975
10.6875	0.00411138	-0.498411	-0.0449222
10.6916	0.00408411	-0.495789	-0.0493326
10.6957	0.00405768	-0.49316	-0.0537289
10.6997	0.00403206	-0.490522	-0.0581113
10.7037	0.00400724	-0.487875	-0.0624799
10.7077	0.00398322	-0.485219	-0.0668349
10.7117	0.00395998	-0.482552	-0.0711763
10.7156	0.0039375	-0.479876	-0.0755045
10.7195	0.00391578	-0.477188	-0.0798194
10.7234	0.00389481	-0.474489	-0.0841213
10.7273	0.00387458	-0.471778	-0.0884104
10.7311	0.00385509	-0.469054	-0.0926867
10.735	0.00383631	-0.466318	-0.0969504
10.7388	0.00381825	-0.463569	-0.101202
10.7426	0.00380091	-0.460806	-0.105441
10.7464	0.00378427	-0.458028	-0.109668
10.7502	0.00376833	-0.455236	-0.113883
10.7539	0.00375308	-0.452429	-0.118086
10.7576	0.00373853	-0.449606	-0.122278
10.7614	0.00372467	-0.446767	-0.126458
10.7651	0.00371149	-0.443911	-0.130627
10.7688	0.003699	-0.441038	-0.134785
10.7725	0.0036872	-0.438148	-0.138932
10.7761	0.00367607	-0.43524	-0.143068
10.7798	0.00366564	-0.432313	-0.147193
10.7835	0.00365589	-0.429367	-0.151309
10.7871	0.00364683	-0.426402	-0.155414
10.7908	0.00363845	-0.423416	-0.159508
10.7944	0.00363078	-0.42041	-0.163594
10.798	0.00362379	-0.417383	-0.167669
10.8016	0.00361752	-0.414334	-0.171735
10.8052	0.00361195	-0.411263	-0.175792
10.8088	0.00360709	-0.408169	-0.179839
10.8124	0.00360296	-0.405052	-0.183878
10.816	0.00359955	-0.401911	-0.187908
10.8196	0.00359689	-0.398745	-0.19193
10.8232	0.00359497	-0.395554	-0.195944
10.8268	0.00359382	-0.392337	-0.199949
10.8304	0.00359344	-0.389094	-0.203947
10.834	0.00359385	-0.385824	-0.207938
10.8376	0.00359506	-0.382526	-0.211921
10.8412	0.00359709	-0.379199	-0.215897
10.8448	0.00359996	-0.375843	-0.219867
10.8484	0.00360368	-0.372458	-0.22383
10.852	0.00360828	-0.369041	-0.227787
10.8556	0.00361378	-0.365593	-0.231739
10.8593	0.0036202	-0.362112	-0.235684
10.8629	0.00362757	-0.358598	-0.239625
10.8665	0.00363593	-0.35505	-0.243561
10.8702	0.00364529	-0.351467	-0.247492
10.8738	0.0036557	-0.347847	-0.251419
10.8775	0.00366719	-0.344191	-0.255342
10.8812	0.0036798	-0.340496	-0.259261
10.8849	0.00369357	-0.336762	-0.263178
10.8886	0.00370856	-0.332988	-0.267092
10.8923	0.0037248	-0.329172	-0.271004
10.896	0.00374235	-0.325313	-0.274915
10.8998	0.00376128	-0.321409	-0.278824
10.9036	0.00378165	-0.31746	-0.282732
10.9074	0.00380353	-0.313464	-0.286641
10.9112	0.00382699	-0.309419	-0.29055
10.9151	0.00385212	-0.305324	-0.29446
10.9189	0.00387902	-0.301176	-0.298371
10.9229	0.00390778	-0.296975	-0.302286
10.9268	0.00393851	-0.292717	-0.306203
10.9308	0.00397133	-0.288402	-0.310125
10.9348	0.00400639	-0.284026	-0.314051
10.9388	0.00404384	-0.279587	-0.317983
10.9429	0.00408383	-0.275084	-0.321922
10.947	0.00412655	-0.270512	-0.325868
10.9512	0.00417222	-0.265869	-0.329824
10.9554	0.00422106	-0.261152	-0.33379
10.9597	0.00427334	-0.256357	-0.337767
10.964	0.00432935	-0.251481	-0.341757
10.9684	0.00438943	-0.246519	-0.345762
10.9729	0.00445397	-0.241468	-0.349783
10.9774	0.00452341	-0.236321	-0.353823
10.982	0.00459826	-0.231074	-0.357883
10.9867	0.0046791	-0.225721	-0.361966
10.9914	0.00476664	-0.220255	-0.366075
10.9963	0.00486169	-0.214668	-0.370212
11.0013	0.00496522	-0.208953	-0.374382
11.0063	0.00507839	-0.2031	-0.378588
11.0115	0.00520261	-0.197098	-0.382834
11.0169	0.00533961	-0.190935	-0.387125
11.0224	0.00549154	-0.184596	-0.391469
11.028	0.00566111	-0.178065	-0.395871
11.0339	0.00585181	-0.171322	-0.400341
11.0399	0.00606819	-0.164344	-0.404889
11.0463	0.00631637	-0.157102	-0.409526
11.0529	0.00660483	-0.14956	-0.41427
11.0598	0.00694568	-0.141673	-0.41914
11.0672	0.00735704	-0.133382	-0.424162
11.075	0.00786768	-0.124607	-0.429372
11.0836	0.00852689	-0.115238	-0.434822
11.093	0.0094292	-0.105106	-0.440589
11.1038	0.0107915	-0.0939366	-0.446801
11.1171	0.0133194	-0.0812087	-0.453703
11.1513	0.0341714	-0.0655967	-0.461928
11.1773	0.026063	-0.0261501	-0.481653
11.1949	0.0175576	0.0032176	-0.495508
11.2078	0.0129352	0.0225682	-0.504336
11.2183	0.0104558	0.0365801	-0.510606
11.2273	0.00905189	0.0477487	-0.515541
11.2356	0.00821151	0.0573014	-0.519724
11.2432	0.00768324	0.0658725	-0.523452
11.2506	0.00733628	0.0738095	-0.526886
11.2577	0.00709886	0.0813129	-0.530117
11.2646	0.0069299	0.0885027	-0.533204
11.2714	0.00680511	0.0954539	-0.53618
11.2781	0.00670974	0.102214	-0.539069
11.2848	0.00663468	0.108816	-0.541888
11.2913	0.00657412	0.115282	-0.544647
11.2978	0.00652435	0.121627	-0.547355
11.3043	0.00648288	0.127862	-0.550018
11.3108	0.00644805	0.133998	-0.552643
11.3172	0.00641867	0.140041	-0.555233
11.3236	0.00639392	0.145997	-0.557792
11.33	0.00637314	0.151871	-0.560323
11.3363	0.00635587	0.157667	-0.56283
11.3427	0.00634171	0.163389	-0.565316
11.349	0.00633036	0.169041	-0.567782
11.3553	0.00632156	0.174624	-0.570231
11.3616	0.00631509	0.180142	-0.572665
11.3679	0.00631077	0.185597	-0.575086
11.3742	0.00630843	0.190991	-0.577496
11.3806	0.00630792	0.196326	-0.579897
11.3869	0.00630913	0.201603	-0.582289
11.3932	0.00631194	0.206824	-0.584675
11.3995	0.00631625	0.211991	-0.587057
11.4058	0.00632197	0.217105	-0.589435
11.4121	0.00632902	0.222166	-0.59181
11.4185	0.00633732	0.227176	-0.594185
11.4248	0.0063468	0.232136	-0.59656
11.4312	0.00635741	0.237047	-0.598936
11.4376	0.00636909	0.24191	-0.601315
11.4439	0.00638179	0.246724	-0.603697
11.4503	0.00639546	0.251492	-0.606084
11.4567	0.00641005	0.256213	-0.608476
11.4632	0.00642552	0.260888	-0.610875
11.4696	0.00644185	0.265517	-0.613281
11.4761	0.00645899	0.270101	-0.615695
11.4825	0.00647691	0.274641	-0.618119
11.489	0.00649558	0.279136	-0.620552
11.4956	0.00651497	0.283587	-0.622996
11.5021	0.00653507	0.287994	-0.625452
11.5086	0.00655583	0.292357	-0.62792
11.5152	0.00657725	0.296676	-0.630401
11.5218	0.0065993	0.300952	-0.632896
11.5284	0.00662196	0.305185	-0.635405
11.5351	0.0066452	0.309374	-0.637929
11.5418	0.00666902	0.31352	-0.640469
11.5485	0.0066934	0.317623	-0.643026
11.5552	0.00671832	0.321682	-0.645599
11.5619	0.00674377	0.325698	-0.64819
11.5687	0.00676973	0.329671	-0.6508
11.5755	0.00679619	0.3336	-0.653428
11.5823	0.00682313	0.337485	-0.656075
11.5892	0.00685055	0.341326	-0.658743
11.596	0.00687844	0.345124	-0.661431
11.6029	0.00690678	0.348877	-0.66414
11.6099	0.00693556	0.352586	-0.666871
11.6168	0.00696477	0.356251	-0.669624
11.6238	0.00699442	0.35987	-0.672399
11.6309	0.00702447	0.363445	-0.675197
11.6379	0.00705494	0.366974	-0.678019
11.645	0.00708581	0.370457	-0.680865
11.6521	0.00711707	0.373895	-0.683735
11.6593	0.00714872	0.377286	-0.68663
11.6664	0.00718075	0.38063	-0.68955
11.6737	0.00721315	0.383927	-0.692495
11.6809	0.00724592	0.387177	-0.695467
11.6882	0.00727905	0.390379	-0.698465
11.6955	0.00731254	0.393533	-0.701489
11.7028	0.00734638	0.396638	-0.704541
11.7102	0.00738057	0.399694	-0.70762
11.7176	0.0074151	0.402701	-0.710727
11.7251	0.00744997	0.405658	-0.713862
11.7326	0.00748518	0.408564	-0.717025
11.7401	0.00752072	0.411419	-0.720217
11.7477	0.00755658	0.414222	-0.723437
11.7552	0.00759277	0.416974	-0.726687
11.7629	0.00762928	0.419673	-0.729967
11.7705	0.00766612	0.422319	-0.733276
11.7782	0.00770327	0.424912	-0.736615
11.786	0.00774073	0.42745	-0.739984
11.7938	0.00777851	0.429933	-0.743383
11.8016	0.0078166	0.432362	-0.746813
11.8094	0.007855	0.434734	-0.750274
11.8173	0.0078937	0.43705	-0.753765
11.8253	0.00793272	0.439308	-0.757287
11.8332	0.00797204	0.441509	-0.760841
11.8412	0.00801167	0.443652	-0.764425
11.8493	0.00805161	0.445735	-0.768041
11.8574	0.00809186	0.447759	-0.771689
11.8655	0.00813241	0.449722	-0.775368
11.8737	0.00817327	0.451624	-0.779078
11.8819	0.00821443	0.453465	-0.78282
11.8902	0.00825591	0.455243	-0.786594
11.8985	0.0082977	0.456958	-0.7904
11.9068	0.0083398	0.458609	-0.794237
11.9152	0.00838222	0.460195	-0.798105
11.9236	0.00842495	0.461716	-0.802006
11.9321	0.00846801	0.463171	-0.805938
11.9406	0.00851138	0.464559	-0.809901
11.9491	0.00855509	0.46588	-0.813896
11.9577	0.00859912	0.467132	-0.817922
11.9664	0.00864348	0.468315	-0.82198
11.9751	0.00868819	0.469428	-0.826069
11.9838	0.00873323	0.470471	-0.830188
11.9926	0.00877863	0.471442	-0.834339
12.0014	0.00882437	0.47234	-0.83852
12.0103	0.00887048	0.473166	-0.842731
12.0192	0.00891695	0.473917	-0.846973
12.0282	0.00896379	0.474594	-0.851245
12.0372	0.00901101	0.475195	-0.855547
12.0462	0.00905861	0.475719	-0.859878
12.0553	0.00910661	0.476166	-0.864239
12.0645	0.00915501	0.476535	-0.868629
12.0737	0.00920382	0.476824	-0.873047
12.083	0.00925305	0.477034	-0.877493
12.0923	0.00930271	0.477162	-0.881968
12.1016	0.00935281	0.477209	-0.88647
12.111	0.00940336	0.477173	-0.891
12.1205	0.00945438	0.477054	-0.895556
12.13	0.00950587	0.476849	-0.900138
12.1395	0.00955786	0.47656	-0.904747
12.1491	0.00961034	0.476183	-0.909381
12.1588	0.00966334	0.475719	-0.91404
12.1685	0.00971688	0.475167	-0.918724
12.1783	0.00977096	0.474526	-0.923432
12.1881	0.00982561	0.473794	-0.928163
12.198	0.00988084	0.47297	-0.932917
12.2079	0.00993667	0.472054	-0.937693
12.2179	0.00999312	0.471045	-0.942491
12.228	0.0100502	0.469941	-0.94731
12.2381	0.010108	0.468742	-0.952149
12.2483	0.0101664	0.467446	-0.957008
12.2585	0.0102256	0.466052	-0.961887
12.2688	0.0102855	0.46456	-0.966783
12.2791	0.0103461	0.462967	-0.971697
12.2895	0.0104075	0.461274	-0.976628
12.3	0.0104698	0.459479	-0.981575
12.3105	0.0105329	0.45758	-0.986537
12.3211	0.0105969	0.455577	-0.991513
12.3318	0.0106618	0.453468	-0.996503
12.3425	0.0107277	0.451253	-1.00151
12.3533	0.0107945	0.44893	-1.00652
12.3642	0.0108624	0.446497	-1.01155
12.3751	0.0109313	0.443954	-1.01658
12.3861	0.0110014	0.441299	-1.02162
12.3972	0.0110726	0.438531	-1.02668
12.4083	0.011145	0.435649	-1.03173
12.4195	0.0112187	0.43265	-1.0368
12.4308	0.0112937	0.429535	-1.04187
12.4422	0.0113701	0.426301	-1.04694
12.4536	0.011448	0.422947	-1.05201
12.4652	0.0115273	0.419472	-1.05709
12.4768	0.0116082	0.415873	-1.06216
12.4885	0.0116908	0.41215	-1.06723
12.5002	0.0117751	0.408301	-1.0723
12.5121	0.0118612	0.404324	-1.07737
12.5241	0.0119492	0.400217	-1.08243
12.5361	0.0120392	0.39598	-1.08748
12.5482	0.0121314	0.391609	-1.09253
12.5604	0.0122257	0.387103	-1.09756
12.5728	0.0123223	0.382461	-1.10259
12.5852	0.0124215	0.37768	-1.1076
12.5977	0.0125232	0.372758	-1.11259
12.6103	0.0126276	0.367693	-1.11757
12.6231	0.0127349	0.362483	-1.12253
12.6359	0.0128453	0.357126	-1.12747
12.6489	0.012959	0.351619	-1.13239
12.662	0.013076	0.34596	-1.13728
12.6752	0.0131968	0.340145	-1.14215
12.6885	0.0133214	0.334173	-1.14699
12.7019	0.0134501	0.328041	-1.1518
12.7155	0.0135833	0.321745	-1.15658
12.7292	0.0137212	0.315282	-1.16132
12.7431	0.0138641	0.308649	-1.16602
12.7571	0.0140124	0.301842	-1.17069
12.7713	0.0141665	0.294858	-1.17531
12.7856	0.0143269	0.287692	-1.17988
12.8001	0.0144941	0.280341	-1.18441
12.8148	0.0146685	0.272799	-1.18889
12.8296	0.0148508	0.265062	-1.19331
12.8447	0.0150417	0.257124	-1.19767
12.8599	0.015242	0.248979	-1.20198
12.8754	0.0154525	0.240622	-1.20621
12.891	0.0156742	0.232046	-1.21038
12.9069	0.0159083	0.223244	-1.21448
12.9231	0.0161559	0.214206	-1.21849
12.9395	0.0164187	0.204925	-1.22243
12.9562	0.0166983	0.195391	-1.22627
12.9732	0.0169968	0.185593	-1.23002
12.9905	0.0173166	0.175518	-1.23368
13.0082	0.0176604	0.165154	-1.23722
13.0262	0.0180316	0.154485	-1.24065
13.0446	0.0184345	0.143493	-1.24396
13.0635	0.0188739	0.132159	-1.24714
13.0829	0.0193561	0.120459	-1.25018
13.1028	0.0198889	0.108367	-1.25307
13.1232	0.0204825	0.0958493	-1.25579
13.1444	0.02115	0.0828688	-1.25834
13.1663	0.021909	0.0693786	-1.26068
13.1891	0.0227836	0.0553209	-1.26281
13.2129	0.0238083	0.0406227	-1.26469
13.2379	0.0250342	0.0251894	-1.2663
13.2645	0.0265414	0.0088937	-1.2676
13.2929	0.0284645	-0.00844207	-1.26852
13.324	0.031055	-0.0270812	-1.269
13.3589	0.0348618	-0.0474468	-1.26891
13.4003	0.0414824	-0.0703111	-1.26805
13.4622	0.0618344	-0.0974662	-1.26599
13.5252	0.0630107	-0.1377	-1.26082
13.5764	0.0511873	-0.178194	-1.253
13.6171	0.0407267	-0.21054	-1.24478
13.6506	0.0335349	-0.235829	-1.23707
13.6794	0.0287833	-0.256304	-1.22996
13.705	0.0255968	-0.273598	-1.22332
13.7284	0.0233908	-0.288741	-1.21701
13.7502	0.0218055	-0.302371	-1.21091
13.7708	0.0206219	-0.314889	-1.20494
13.7905	0.0197044	-0.326551	-1.19905
13.8095	0.018968	-0.337527	-1.1932
13.8279	0.0183583	-0.347931	-1.18738
13.8457	0.0178398	-0.357846	-1.18156
13.8631	0.0173886	-0.367328	-1.17574
13.8801	0.0169889	-0.376422	-1.16991
13.8967	0.0166295	-0.38516	-1.16407
13.913	0.0163025	-0.39357	-1.15822
13.929	0.0160021	-0.401673	-1.15235
13.9447	0.015724	-0.409486	-1.14647
13.9602	0.015465	-0.417025	-1.14058
13.9754	0.0152225	-0.424303	-1.13468
13.9904	0.0149945	-0.431332	-1.12877
14.0052	0.0147794	-0.438122	-1.12285
14.0198	0.0145756	-0.444681	-1.11692
14.0342	0.0143821	-0.451019	-1.11099
14.0484	0.0141979	-0.457142	-1.10505
14.0624	0.0140222	-0.463058	-1.09912
14.0762	0.0138541	-0.468772	-1.09318
14.0899	0.0136932	-0.474292	-1.08724
14.1035	0.0135387	-0.479621	-1.0813
14.1169	0.0133902	-0.484765	-1.07537
14.1301	0.0132472	-0.48973	-1.06945
14.1432	0.0131093	-0.494518	-1.06353
14.1562	0.0129762	-0.499135	-1.05761
14.169	0.0128476	-0.503584	-1.05171
14.1818	0.0127231	-0.50787	-1.04582
14.1944	0.0126025	-0.511994	-1.03993
14.2068	0.0124855	-0.515962	-1.03407
14.2192	0.0123719	-0.519776	-1.02821
14.2315	0.0122614	-0.523438	-1.02237
14.2436	0.012154	-0.526953	-1.01655
14.2557	0.0120495	-0.530322	-1.01074
14.2676	0.0119475	-0.533548	-1.00495
14.2795	0.0118482	-0.536634	-0.99918
14.2912	0.0117512	-0.539583	-0.993431
14.3029	0.0116564	-0.542396	-0.987703
14.3144	0.0115638	-0.545077	-0.981997
14.3259	0.0114732	-0.547626	-0.976314
14.3373	0.0113846	-0.550047	-0.970655
14.3486	0.0112977	-0.552341	-0.965021
14.3598	0.0112127	-0.554511	-0.959412
14.3709	0.0111292	-0.556558	-0.95383
14.382	0.0110474	-0.558484	-0.948275
14.393	0.0109671	-0.560291	-0.942748
14.4038	0.0108882	-0.561981	-0.93725
14.4147	0.0108106	-0.563556	-0.931781
14.4254	0.0107344	-0.565017	-0.926343
14.4361	0.0106594	-0.566366	-0.920935
14.4466	0.0105857	-0.567605	-0.915558
14.4572	0.0105131	-0.568735	-0.910214
14.4676	0.0104416	-0.569758	-0.904902
14.478	0.0103711	-0.570675	-0.899624
14.4883	0.0103017	-0.571488	-0.894379
14.4985	0.0102332	-0.572198	-0.889168
14.5087	0.0101657	-0.572807	-0.883993
14.5188	0.0100991	-0.573316	-0.878852
14.5288	0.0100333	-0.573727	-0.873748
14.5388	0.00996844	-0.574041	-0.86868
14.5487	0.00990433	-0.574258	-0.863648
14.5585	0.009841	-0.574382	-0.858653
14.5683	0.00977842	-0.574413	-0.853696
14.578	0.00971657	-0.574351	-0.848777
14.5877	0.00965542	-0.574199	-0.843895
14.5973	0.00959494	-0.573958	-0.839053
14.6068	0.00953512	-0.573629	-0.834249
14.6163	0.00947593	-0.573213	-0.829484
14.6257	0.00941736	-0.572711	-0.824758
14.635	0.00935939	-0.572125	-0.820072
14.6443	0.00930199	-0.571455	-0.815426
14.6536	0.00924516	-0.570703	-0.810819
14.6628	0.00918888	-0.569871	-0.806253
14.6719	0.00913312	-0.568958	-0.801728
14.681	0.00907789	-0.567966	-0.797243
14.69	0.00902316	-0.566897	-0.792798
14.699	0.00896892	-0.56575	-0.788394
14.7079	0.00891517	-0.564529	-0.784032
14.7168	0.00886188	-0.563232	-0.77971
14.7256	0.00880905	-0.561862	-0.775429
14.7343	0.00875667	-0.560419	-0.771189
14.743	0.00870473	-0.558905	-0.76699
14.7517	0.00865322	-0.55732	-0.762833
14.7603	0.00860213	-0.555666	-0.758716
14.7688	0.00855146	-0.553942	-0.754641
14.7773	0.0085012	-0.552152	-0.750607
14.7858	0.00845134	-0.550294	-0.746614
14.7942	0.00840187	-0.54837	-0.742661
14.8025	0.00835279	-0.546382	-0.73875
14.8108	0.00830409	-0.544329	-0.734879
14.8191	0.00825577	-0.542213	-0.731049
14.8273	0.00820783	-0.540035	-0.72726
14.8355	0.00816026	-0.537795	-0.723511
14.8436	0.00811305	-0.535495	-0.719802
14.8517	0.0080662	-0.533135	-0.716133
14.8597	0.00801971	-0.530715	-0.712504
14.8676	0.00797358	-0.528238	-0.708915
14.8756	0.0079278	-0.525703	-0.705365
14.8835	0.00788237	-0.523112	-0.701855
14.8913	0.00783729	-0.520465	-0.698383
14.8991	0.00779256	-0.517763	-0.69495
14.9068	0.00774817	-0.515006	-0.691556
14.9145	0.00770413	-0.512196	-0.6882
14.9222	0.00766043	-0.509333	-0.684881
14.9298	0.00761707	-0.506417	-0.681601
14.9374	0.00757405	-0.503451	-0.678357
14.9449	0.00753138	-0.500433	-0.675151
14.9524	0.00748905	-0.497365	-0.671981
14.9599	0.00744706	-0.494248	-0.668847
14.9673	0.00740541	-0.491082	-0.66575
14.9746	0.00736411	-0.487867	-0.662687
14.9819	0.00732315	-0.484605	-0.65966
14.9892	0.00728253	-0.481296	-0.656668
14.9965	0.00724226	-0.477941	-0.65371
15.0037	0.00720234	-0.474539	-0.650786
15.0108	0.00716277	-0.471093	-0.647895
15.018	0.00712355	-0.467601	-0.645037
15.025	0.00708469	-0.464066	-0.642212
15.0321	0.00704618	-0.460486	-0.639419
15.0391	0.00700802	-0.456864	-0.636657
15.0461	0.00697023	-0.453198	-0.633927
15.053	0.00693281	-0.449491	-0.631227
15.0599	0.00689575	-0.445741	-0.628558
15.0668	0.00685906	-0.441951	-0.625918
15.0736	0.00682274	-0.438119	-0.623307
15.0804	0.0067868	-0.434247	-0.620725
15.0871	0.00675125	-0.430335	-0.618171
15.0938	0.00671608	-0.426383	-0.615644
15.1005	0.0066813	-0.422392	-0.613145
15.1072	0.00664692	-0.418362	-0.610671
15.1138	0.00661294	-0.414293	-0.608224
15.1204	0.00657936	-0.410186	-0.605801
15.1269	0.0065462	-0.406041	-0.603403
15.1334	0.00651345	-0.401858	-0.60103
15.1399	0.00648113	-0.397637	-0.598679
15.1463	0.00644924	-0.39338	-0.596351
15.1528	0.00641779	-0.389085	-0.594046
15.1592	0.00638678	-0.384754	-0.591762
15.1655	0.00635622	-0.380386	-0.589498
15.1718	0.00632613	-0.375982	-0.587255
15.1781	0.0062965	-0.371542	-0.585031
15.1844	0.00626735	-0.367065	-0.582826
15.1906	0.00623869	-0.362553	-0.580639
15.1968	0.00621053	-0.358005	-0.57847
15.203	0.00618287	-0.353421	-0.576316
15.2092	0.00615574	-0.348801	-0.574179
15.2153	0.00612914	-0.344146	-0.572057
15.2214	0.00610308	-0.339455	-0.56995
15.2275	0.00607758	-0.334728	-0.567855
15.2335	0.00605265	-0.329966	-0.565774
15.2396	0.00602831	-0.325168	-0.563705
15.2456	0.00600457	-0.320333	-0.561647
15.2516	0.00598145	-0.315463	-0.559599
15.2575	0.00595897	-0.310557	-0.557561
15.2635	0.00593715	-0.305614	-0.555531
15.2694	0.005916	-0.300635	-0.553509
15.2753	0.00589555	-0.295619	-0.551494
15.2811	0.00587583	-0.290565	-0.549484
15.287	0.00585686	-0.285475	-0.54748
15.2928	0.00583866	-0.280346	-0.54548
15.2987	0.00582127	-0.275179	-0.543482
15.3045	0.00580471	-0.269973	-0.541486
15.3103	0.00578903	-0.264729	-0.539492
15.316	0.00577425	-0.259444	-0.537497
15.3218	0.00576041	-0.254119	-0.5355
15.3275	0.00574757	-0.248752	-0.533501
15.3333	0.00573576	-0.243344	-0.531498
15.339	0.00572503	-0.237893	-0.529491
15.3447	0.00571545	-0.232399	-0.527477
15.3504	0.00570706	-0.22686	-0.525455
15.3561	0.00569994	-0.221276	-0.523424
15.3618	0.00569415	-0.215644	-0.521383
15.3675	0.00568978	-0.209965	-0.51933
15.3732	0.00568691	-0.204237	-0.517263
15.3789	0.00568564	-0.198457	-0.515181
15.3846	0.00568607	-0.192625	-0.513082
15.3903	0.00568832	-0.186739	-0.510964
15.3959	0.00569252	-0.180797	-0.508825
15.4016	0.00569883	-0.174796	-0.506663
15.4074	0.0057074	-0.168735	-0.504476
15.4131	0.00571842	-0.162611	-0.502261
15.4188	0.00573211	-0.156421	-0.500017
15.4246	0.00574869	-0.150161	-0.497739
15.4303	0.00576845	-0.14383	-0.495427
15.4361	0.0057917	-0.137422	-0.493075
15.4419	0.00581881	-0.130933	-0.490681
15.4478	0.00585019	-0.12436	-0.488241
15.4537	0.00588634	-0.117695	-0.485751
15.4596	0.00592785	-0.110935	-0.483206
15.4656	0.0059754	-0.104071	-0.480602
15.4716	0.00602983	-0.097097	-0.477932
15.4777	0.00609216	-0.090003	-0.47519
15.4839	0.0061636	-0.0827792	-0.47237
15.4901	0.0062457	-0.075414	-0.469462
15.4964	0.00634039	-0.0678934	-0.466458
15.5029	0.00645015	-0.060201	-0.463345
15.5095	0.0065782	-0.052317	-0.460111
15.5162	0.00672885	-0.0442175	-0.45674
15.5231	0.00690804	-0.0358726	-0.453213
15.5302	0.00712414	-0.0272446	-0.449504
15.5376	0.00738954	-0.0182846	-0.445582
15.5453	0.00772347	-0.00892741	-0.441407
15.5535	0.00815796	0.000918028	-0.436921
15.5623	0.00875158	0.0113851	-0.432042
15.5719	0.00962817	0.0226852	-0.42664
15.583	0.0111242	0.0351938	-0.420488
15.598	0.0149516	0.0497327	-0.413095
15.6149	0.0169309	0.0693917	-0.402656
15.629	0.0141255	0.091765	-0.390105
15.6402	0.0111427	0.110463	-0.379016
15.6492	0.00899966	0.125193	-0.369861
15.6567	0.007573	0.137055	-0.362201
15.6634	0.00662169	0.147001	-0.35557
15.6693	0.00597049	0.155664	-0.349632
15.6748	0.00550922	0.163442	-0.344166
15.68	0.00517041	0.170588	-0.33903
15.6849	0.00491247	0.177265	-0.334128
15.6896	0.00470938	0.183579	-0.329399
15.6942	0.00454452	0.189603	-0.324799
15.6986	0.0044071	0.195387	-0.320301
15.7029	0.00428996	0.200966	-0.315882
15.7071	0.00418826	0.206369	-0.311529
15.7112	0.00409865	0.211614	-0.30723
15.7152	0.00401877	0.216717	-0.302976
15.7191	0.0039469	0.221692	-0.298762
15.723	0.00388177	0.226548	-0.294581
15.7268	0.00382242	0.231295	-0.29043
15.7306	0.00376809	0.235939	-0.286305
15.7343	0.00371819	0.240488	-0.282203
15.738	0.00367222	0.244946	-0.278121
15.7416	0.00362979	0.24932	-0.274057
15.7452	0.00359056	0.253613	-0.27001
15.7488	0.00355424	0.25783	-0.265976
15.7523	0.0035206	0.261975	-0.261955
15.7558	0.00348941	0.26605	-0.257945
15.7592	0.0034605	0.270059	-0.253945
15.7627	0.00343369	0.274005	-0.249954
15.7661	0.00340885	0.27789	-0.245969
15.7695	0.00338584	0.281717	-0.241992
15.7728	0.00336455	0.285488	-0.238019
15.7762	0.00334488	0.289205	-0.234052
15.7795	0.00332673	0.292871	-0.230088
15.7828	0.00331002	0.296487	-0.226127
15.7861	0.00329468	0.300054	-0.222169
15.7894	0.00328064	0.303575	-0.218212
15.7926	0.00326783	0.307051	-0.214256
15.7959	0.0032562	0.310484	-0.2103
15.7991	0.0032457	0.313874	-0.206345
15.8024	0.00323627	0.317224	-0.202388
15.8056	0.00322788	0.320534	-0.198431
15.8088	0.00322049	0.323805	-0.194472
15.812	0.00321406	0.32704	-0.190511
15.8153	0.00320855	0.330238	-0.186547
15.8185	0.00320394	0.333401	-0.18258
15.8217	0.00320019	0.33653	-0.17861
15.8249	0.00319729	0.339626	-0.174636
15.828	0.00319521	0.34269	-0.170658
15.8312	0.00319392	0.345722	-0.166676
15.8344	0.00319341	0.348723	-0.162689
15.8376	0.00319366	0.351695	-0.158697
15.8408	0.00319465	0.354638	-0.154699
15.844	0.00319636	0.357553	-0.150696
15.8472	0.00319879	0.36044	-0.146687
15.8504	0.00320191	0.3633	-0.142671
15.8536	0.00320573	0.366135	-0.138649
15.8568	0.00321022	0.368944	-0.13462
15.8601	0.00321538	0.371728	-0.130584
15.8633	0.00322119	0.374488	-0.12654
15.8665	0.00322766	0.377224	-0.122489
15.8697	0.00323478	0.379938	-0.11843
15.873	0.00324253	0.382629	-0.114364
15.8762	0.00325092	0.385298	-0.110288
15.8795	0.00325995	0.387947	-0.106205
15.8828	0.00326959	0.390574	-0.102112
15.886	0.00327987	0.393181	-0.0980105
15.8893	0.00329076	0.395769	-0.0938999
15.8926	0.00330228	0.398338	-0.0897798
15.8959	0.00331441	0.400888	-0.0856502
15.8993	0.00332717	0.40342	-0.0815108
15.9026	0.00334055	0.405935	-0.0773613
15.906	0.00335455	0.408432	-0.0732017
15.9093	0.00336918	0.410913	-0.0690317
15.9127	0.00338443	0.413378	-0.0648511
15.9161	0.00340031	0.415827	-0.0606597
15.9195	0.00341683	0.418261	-0.0564574
15.923	0.00343398	0.420681	-0.0522439
15.9264	0.00345178	0.423086	-0.0480191
15.9299	0.00347022	0.425477	-0.0437827
15.9334	0.00348932	0.427856	-0.0395347
15.9369	0.00350908	0.430221	-0.0352748
15.9404	0.0035295	0.432574	-0.0310029
15.944	0.0035506	0.434915	-0.0267187
15.9475	0.00357239	0.437245	-0.0224221
15.9511	0.00359487	0.439564	-0.0181129
15.9548	0.00361805	0.441873	-0.013791
15.9584	0.00364194	0.444171	-0.00945616
15.9621	0.00366655	0.44646	-0.00510822
15.9658	0.0036919	0.44874	-0.000746994
15.9695	0.003718	0.451012	0.00362767
15.9732	0.00374486	0.453275	0.00801595
15.977	0.00377249	0.455531	0.012418
15.9808	0.00380091	0.45778	0.016834
15.9846	0.00383014	0.460022	0.0212642
15.9885	0.00386018	0.462259	0.0257086
15.9924	0.00389106	0.46449	0.0301675
15.9963	0.0039228	0.466716	0.034641
16.0003	0.00395541	0.468937	0.0391293
16.0042	0.00398891	0.471155	0.0436325
16.0083	0.00402332	0.473369	0.0481509
16.0123	0.00405867	0.475581	0.0526845
16.0164	0.00409498	0.477791	0.0572336
16.0206	0.00413227	0.479999	0.0617984
16.0247	0.00417057	0.482206	0.0663789
16.0289	0.0042099	0.484413	0.0709753
16.0332	0.00425029	0.48662	0.0755879
16.0375	0.00429177	0.488828	0.0802167
16.0418	0.00433437	0.491038	0.084862
16.0462	0.00437812	0.49325	0.0895239
16.0506	0.00442305	0.495465	0.0942025
16.0551	0.0044692	0.497684	0.098898
16.0596	0.00451662	0.499908	0.103611
16.0642	0.00456532	0.502136	0.10834
16.0688	0.00461536	0.504371	0.113088
16.0734	0.00466679	0.506613	0.117852
16.0782	0.00471963	0.508863	0.122635
16.0829	0.00477395	0.511121	0.127435
16.0878	0.00482978	0.513389	0.132253
16.0927	0.00488719	0.515667	0.13709
16.0976	0.00494623	0.517957	0.141944
16.1026	0.00500696	0.520259	0.146817
16.1077	0.00506944	0.522574	0.151709
16.1128	0.00513373	0.524904	0.156619
16.118	0.0051999	0.52725	0.161548
16.1233	0.00526803	0.529612	0.166496
16.1286	0.00533819	0.531993	0.171463
16.134	0.00541047	0.534392	0.17645
16.1395	0.00548495	0.536812	0.181455
16.1451	0.00556172	0.539254	0.18648
16.1507	0.00564088	0.54172	0.191525
16.1564	0.00572254	0.54421	0.196589
16.1622	0.0058068	0.546726	0.201672
16.1681	0.00589379	0.54927	0.206776
16.1741	0.00598362	0.551844	0.211899
16.1802	0.00607644	0.554449	0.217042
16.1864	0.00617238	0.557087	0.222205
16.1926	0.0062716	0.55976	0.227387
16.199	0.00637427	0.562471	0.23259
16.2055	0.00648055	0.56522	0.237812
16.2121	0.00659064	0.568011	0.243055
16.2188	0.00670475	0.570846	0.248317
16.2256	0.00682309	0.573727	0.253599
16.2326	0.0069459	0.576656	0.2589
16.2396	0.00707343	0.579637	0.264222
16.2468	0.00720597	0.582673	0.269562
16.2542	0.00734381	0.585766	0.274921
16.2617	0.00748728	0.58892	0.2803
16.2693	0.00763674	0.592138	0.285697
16.2771	0.00779257	0.595424	0.291112
16.2851	0.0079552	0.598781	0.296545
16.2932	0.00812509	0.602215	0.301996
16.3015	0.00830275	0.605728	0.307464
16.31	0.00848875	0.609327	0.312947
16.3187	0.00868369	0.613016	0.318447
16.3275	0.00888828	0.6168	0.323961
16.3366	0.00910326	0.620685	0.32949
16.346	0.00932948	0.624678	0.335031
16.3555	0.00956788	0.628785	0.340584
16.3654	0.00981953	0.633014	0.346147
16.3755	0.0100856	0.637372	0.351719
16.3858	0.0103674	0.641868	0.357298
16.3965	0.0106665	0.646512	0.362881
16.4075	0.0109846	0.651313	0.368468
16.4188	0.0113237	0.656283	0.374054
16.4305	0.011686	0.661434	0.379637
16.4426	0.0120741	0.66678	0.385212
16.455	0.012491	0.672336	0.390777
16.468	0.0129403	0.678117	0.396325
16.4814	0.013426	0.684144	0.401852
16.4954	0.013953	0.690437	0.407349
16.5099	0.0145271	0.697019	0.41281
16.525	0.0151553	0.703918	0.418224
16.5409	0.0158459	0.711163	0.42358
16.5575	0.016609	0.71879	0.428865
16.575	0.0174573	0.726839	0.434061
16.5934	0.0184062	0.735357	0.439147
16.6128	0.0194753	0.744399	0.444099
16.6335	0.0206892	0.75403	0.448883
16.6556	0.0220794	0.764329	0.45346
16.6793	0.0236862	0.775389	0.457775
16.7049	0.0255614	0.787324	0.46176
16.7326	0.0277709	0.800273	0.465323
16.763	0.030395	0.814406	0.468339
16.7965	0.033521	0.829931	0.470635
16.8338	0.0372108	0.847089	0.471971
16.8752	0.0414066	0.866138	0.472013
16.9209	0.0457226	0.887277	0.470319
16.9701	0.0492132	0.910464	0.46637
17.0207	0.0506164	0.935128	0.459752
17.0701	0.0493484	0.960048	0.45047
